9
-0.216505 1.875 1
-0.176775 1.82322 1
-0.124998 1.78349 1
-0.0647022 1.75852 1
2.7549e-06 1.75 1
0.0647076 1.75852 1
0.125003 1.7835 1
0.176779 1.82323 1
0.216508 1.875 1

6.467
4.831
0.0018
1.264
1
0 
512
384
1024
768

//Este archivo contiene la entrada para el programa de tensor trifocal:
numero de puntos
x y z 

configuracion inicial del robot

tccdx
tccdy
focal = 0.006  //0.0015   //0.0018 for perspective //
N
Xi
S
x0
y0
resolucionX
resolucionY

//algunos ejemplos
-10 -9 0
30 -15 0
-7 -4 -1.5

2 lineas
10
-10 100 0
-5 100 0
0 100 0
5 100 0
10 100 0
-10 120 15
-5 120 15
0 120 15
5 120 15
10 120 15

cubo

-10 20 0
10 20 0
-10 20 20
10 20 20
-10 40 0
10 40 0
-10 40 20
10 40 20

puntos navegacion

10 puntos de camara monocular
1 41 1
-5 21 1
5 21 1
-5 31 1
5 31 1
-5 23 1
-5 28 1
-5 26 1
1 30 15
1 20 -1

11
7 5 0
5 7 0
6 6 5
2 -10 3
-2 -8 5
-2 -10 3
2 -8 5
-9 2 0 
-5 4 0
-9 2 5
-5 4 5

triangulo

12
-10 20 20
-5  20 20
0   20 20
5   20 20
10  20 20
7.5 30 17.5
5   40 15
2.5 50 12.5
0   60 10
-2.5 50 12.5
-5  40 15
-7.5 30 17.5

12
-20 100 20
-10 100 20
0 100 20
10 100 20
20 100 20
15 110 15
10 120 10
5 130 5
0 140 0
-5 130 5
-10 120 10
-15 110 15

9
-20 100 0
20 100 0
15 110 5
10 120 10
5 130 15
0 140 20
-5 130 15
-10 120 10
-15 110 5


2 lineas
14
-10 100 0
-5 100 0
0 100 0
5 100 0
10 100 0
-18 120 5
-15 120 5
-10 120 5
-5 120 5
0 120 5
5 120 5
10 120 5
15 120 5
18 120 5

